{
  "27255.603090583.jpg" : {
    "lightEstimate" : 944.16241455078125,
    "imageResolution" : {
      "width" : 1280,
      "height" : 720
    },
    "timeStamp" : "27255.603090583",
    "cameraPos" : {
      "x" : -0.0040707914158701897,
      "y" : 0.0039433315396308899,
      "z" : 0.0042630583047866821
    },
    "cameraTransform" : [
      [
        0.83647698163986206,
        -0.21551112830638885,
        0.50384646654129028,
        -0.0040707914158701897
      ],
      [
        0.084991201758384705,
        0.95931828022003174,
        0.26923003792762756,
        0.0039433315396308899
      ],
      [
        -0.54137128591537476,
        -0.18238219618797302,
        0.82076418399810791,
        0.0042630583047866821
      ],
      [
        0,
        0,
        0,
        1
      ]
    ],
    "cameraIntrinsics" : [
      [
        1088.72119140625,
        0,
        639.5
      ],
      [
        0,
        1088.72119140625,
        359.5
      ],
      [
        0,
        0,
        1
      ]
    ],
    "imageName" : "27255.603090583.jpg",
    "cameraEulerAngle" : {
      "x" : -0.27259346842765808,
      "y" : 0.55055916309356689,
      "z" : 0.088364705443382263
    }
  },
  "27255.986455.jpg" : {
    "lightEstimate" : 1233.5328369140625,
    "imageResolution" : {
      "width" : 1280,
      "height" : 720
    },
    "timeStamp" : "27255.986455",
    "cameraPos" : {
      "x" : 0.014296511188149452,
      "y" : 0.011348433792591095,
      "z" : -0.010782159864902496
    },
    "cameraTransform" : [
      [
        0.8948131799697876,
        -0.20627957582473755,
        0.39592701196670532,
        0.014296511188149452
      ],
      [
        0.12939339876174927,
        0.96861779689788818,
        0.2122187614440918,
        0.011348433792591095
      ],
      [
        -0.4272783100605011,
        -0.1386658102273941,
        0.89342325925827026,
        -0.010782159864902496
      ],
      [
        0,
        0,
        0,
        1.0000001192092896
      ]
    ],
    "cameraIntrinsics" : [
      [
        1088.72119140625,
        0,
        639.5
      ],
      [
        0,
        1088.72119140625,
        359.5
      ],
      [
        0,
        0,
        1
      ]
    ],
    "imageName" : "27255.986455.jpg",
    "cameraEulerAngle" : {
      "x" : -0.21384488046169281,
      "y" : 0.41714894771575928,
      "z" : 0.13279940187931061
    }
  },
  "27255.61975875.jpg" : {
    "lightEstimate" : 948.97967529296875,
    "imageResolution" : {
      "width" : 1280,
      "height" : 720
    },
    "timeStamp" : "27255.61975875",
    "cameraPos" : {
      "x" : -0.0040283361449837685,
      "y" : 0.0039711426943540573,
      "z" : 0.0043016970157623291
    },
    "cameraTransform" : [
      [
        0.83725994825363159,
        -0.21592123806476593,
        0.50236821174621582,
        -0.0040283361449837685
      ],
      [
        0.086712755262851715,
        0.95953720808029175,
        0.26789781451225281,
        0.0039711426943540573
      ],
      [
        -0.5398857593536377,
        -0.18073838949203491,
        0.82210516929626465,
        0.0043016970157623291
      ],
      [
        0,
        0,
        0,
        1
      ]
    ],
    "cameraIntrinsics" : [
      [
        1088.72119140625,
        0,
        639.5
      ],
      [
        0,
        1088.72119140625,
        359.5
      ],
      [
        0,
        0,
        1
      ]
    ],
    "imageName" : "27255.61975875.jpg",
    "cameraEulerAngle" : {
      "x" : -0.2712104320526123,
      "y" : 0.54852336645126343,
      "z" : 0.090124547481536865
    }
  },
  "27256.103131166.jpg" : {
    "lightEstimate" : 1374.1934814453125,
    "imageResolution" : {
      "width" : 1280,
      "height" : 720
    },
    "timeStamp" : "27256.103131166",
    "cameraPos" : {
      "x" : 0.034543886780738831,
      "y" : 0.017216099426150322,
      "z" : -0.025583604350686073
    },
    "cameraTransform" : [
      [
        0.92274385690689087,
        -0.17310607433319092,
        0.34435170888900757,
        0.034543886780738831
      ],
      [
        0.1091536208987236,
        0.97425448894500732,
        0.19726499915122986,
        0.017216099426150322
      ],
      [
        -0.36963394284248352,
        -0.14443783462047577,
        0.91788256168365479,
        -0.025583604350686073
      ],
      [
        0,
        0,
        0,
        0.99999994039535522
      ]
    ],
    "cameraIntrinsics" : [
      [
        1088.409912109375,
        0,
        639.5
      ],
      [
        0,
        1088.409912109375,
        359.5
      ],
      [
        0,
        0,
        1
      ]
    ],
    "imageName" : "27256.103131166.jpg",
    "cameraEulerAngle" : {
      "x" : -0.19856731593608856,
      "y" : 0.35890987515449524,
      "z" : 0.11157280951738358
    }
  },
  "27256.752927166.jpg" : {
    "lightEstimate" : 772.15185546875,
    "imageResolution" : {
      "width" : 1280,
      "height" : 720
    },
    "timeStamp" : "27256.752927166",
    "cameraPos" : {
      "x" : 0.21826426684856415,
      "y" : 0.024569990113377571,
      "z" : -0.11107622087001801
    },
    "cameraTransform" : [
      [
        0.99834936857223511,
        -0.02789953351020813,
        -0.050202250480651855,
        0.21826426684856415
      ],
      [
        0.037672944366931915,
        0.97788262367248535,
        0.20573344826698303,
        0.024569990113377571
      ],
      [
        0.043352089822292328,
        -0.20728515088558197,
        0.97731953859329224,
        -0.11107622087001801
      ],
      [
        0,
        0,
        0,
        1
      ]
    ],
    "cameraIntrinsics" : [
      [
        1088.409912109375,
        0,
        639.5
      ],
      [
        0,
        1088.409912109375,
        359.5
      ],
      [
        0,
        0,
        1
      ]
    ],
    "imageName" : "27256.752927166.jpg",
    "cameraEulerAngle" : {
      "x" : -0.2072131335735321,
      "y" : -0.051322177052497864,
      "z" : 0.038505975157022476
    }
  },
  "27256.836203083.jpg" : {
    "lightEstimate" : 742.13836669921875,
    "imageResolution" : {
      "width" : 1280,
      "height" : 720
    },
    "timeStamp" : "27256.836203083",
    "cameraPos" : {
      "x" : 0.23476344347000122,
      "y" : 0.023487316444516182,
      "z" : -0.11380407214164734
    },
    "cameraTransform" : [
      [
        0.99680227041244507,
        -0.017474105581641197,
        -0.077974423766136169,
        0.23476344347000122
      ],
      [
        0.03372635692358017,
        0.97662544250488281,
        0.21228568255901337,
        0.023487316444516182
      ],
      [
        0.07244236022233963,
        -0.21423661708831787,
        0.97409170866012573,
        -0.11380407214164734
      ],
      [
        0,
        0,
        0,
        1
      ]
    ],
    "cameraIntrinsics" : [
      [
        1088.0987548828125,
        0,
        639.5
      ],
      [
        0,
        1088.0987548828125,
        359.5
      ],
      [
        0,
        0,
        1
      ]
    ],
    "imageName" : "27256.836203083.jpg",
    "cameraEulerAngle" : {
      "x" : -0.21391336619853973,
      "y" : -0.07987801730632782,
      "z" : 0.034519847482442856
    }
  },
  "27255.753102791.jpg" : {
    "lightEstimate" : 1015.9574584960938,
    "imageResolution" : {
      "width" : 1280,
      "height" : 720
    },
    "timeStamp" : "27255.753102791",
    "cameraPos" : {
      "x" : -0.0035964464768767357,
      "y" : 0.0043606944382190704,
      "z" : 0.0035483688116073608
    },
    "cameraTransform" : [
      [
        0.84912699460983276,
        -0.22264792025089264,
        0.4789690375328064,
        -0.0035964464768767357
      ],
      [
        0.10652449727058411,
        0.96036809682846069,
        0.25757643580436707,
        0.0043606944382190704
      ],
      [
        -0.51733535528182983,
        -0.16769319772720337,
        0.83919191360473633,
        0.0035483688116073608
      ],
      [
        0,
        0,
        0,
        1
      ]
    ],
    "cameraIntrinsics" : [
      [
        1088.72119140625,
        0,
        639.5
      ],
      [
        0,
        1088.72119140625,
        359.5
      ],
      [
        0,
        0,
        1
      ]
    ],
    "imageName" : "27255.753102791.jpg",
    "cameraEulerAngle" : {
      "x" : -0.26051315665245056,
      "y" : 0.51863467693328857,
      "z" : 0.11046891659498215
    }
  },
  "27255.703098833.jpg" : {
    "lightEstimate" : 979.38134765625,
    "imageResolution" : {
      "width" : 1280,
      "height" : 720
    },
    "timeStamp" : "27255.703098833",
    "cameraPos" : {
      "x" : -0.0043947957456111908,
      "y" : 0.0041098250076174736,
      "z" : 0.0043434258550405502
    },
    "cameraTransform" : [
      [
        0.84342098236083984,
        -0.22003942728042603,
        0.49012625217437744,
        -0.0043947957456111908
      ],
      [
        0.099841058254241943,
        0.96058446168899536,
        0.25944015383720398,
        0.0041098250076174736
      ],
      [
        -0.52789467573165894,
        -0.16988252103328705,
        0.8321460485458374,
        0.0043434258550405502
      ],
      [
        0,
        0,
        0,
        0.99999994039535522
      ]
    ],
    "cameraIntrinsics" : [
      [
        1088.72119140625,
        0,
        639.5
      ],
      [
        0,
        1088.72119140625,
        359.5
      ],
      [
        0,
        0,
        1
      ]
    ],
    "imageName" : "27255.703098833.jpg",
    "cameraEulerAngle" : {
      "x" : -0.26244246959686279,
      "y" : 0.53228503465652466,
      "z" : 0.10356594622135162
    }
  },
  "27255.953119.jpg" : {
    "lightEstimate" : 1230.7691650390625,
    "imageResolution" : {
      "width" : 1280,
      "height" : 720
    },
    "timeStamp" : "27255.953119",
    "cameraPos" : {
      "x" : 0.0092929024249315262,
      "y" : 0.0096655581146478653,
      "z" : -0.0072948187589645386
    },
    "cameraTransform" : [
      [
        0.88683420419692993,
        -0.21325738728046417,
        0.4099346399307251,
        0.0092929024249315262
      ],
      [
        0.13157135248184204,
        0.96695029735565186,
        0.21839413046836853,
        0.0096655581146478653
      ],
      [
        -0.44296056032180786,
        -0.13974373042583466,
        0.88558322191238403,
        -0.0072948187589645386
      ],
      [
        0,
        0,
        0,
        1
      ]
    ],
    "cameraIntrinsics" : [
      [
        1088.72119140625,
        0,
        639.5
      ],
      [
        0,
        1088.72119140625,
        359.5
      ],
      [
        0,
        0,
        1
      ]
    ],
    "imageName" : "27255.953119.jpg",
    "cameraEulerAngle" : {
      "x" : -0.2201685756444931,
      "y" : 0.43352794647216797,
      "z" : 0.13523782789707184
    }
  },
  "27256.336483291.jpg" : {
    "lightEstimate" : 1341.6148681640625,
    "imageResolution" : {
      "width" : 1280,
      "height" : 720
    },
    "timeStamp" : "27256.336483291",
    "cameraPos" : {
      "x" : 0.063043549656867981,
      "y" : 0.024106221273541451,
      "z" : -0.045417722314596176
    },
    "cameraTransform" : [
      [
        0.94924056529998779,
        -0.13164567947387695,
        0.28567790985107422,
        0.063043549656867981
      ],
      [
        0.077680774033069611,
        0.97818750143051147,
        0.19265207648277283,
        0.024106221273541451
      ],
      [
        -0.30480831861495972,
        -0.16068147122859955,
        0.93876153230667114,
        -0.045417722314596176
      ],
      [
        0,
        0,
        0,
        1
      ]
    ],
    "cameraIntrinsics" : [
      [
        1088.409912109375,
        0,
        639.5
      ],
      [
        0,
        1088.409912109375,
        359.5
      ],
      [
        0,
        0,
        1
      ]
    ],
    "imageName" : "27256.336483291.jpg",
    "cameraEulerAngle" : {
      "x" : -0.1938641369342804,
      "y" : 0.29540950059890747,
      "z" : 0.079246662557125092
    }
  },
  "27255.869779.jpg" : {
    "lightEstimate" : 1122.22216796875,
    "imageResolution" : {
      "width" : 1280,
      "height" : 720
    },
    "timeStamp" : "27255.869779",
    "cameraPos" : {
      "x" : -0.00077891349792480469,
      "y" : 0.0060909371823072433,
      "z" : 0.00075908377766609192
    },
    "cameraTransform" : [
      [
        0.85764318704605103,
        -0.21858282387256622,
        0.46547797322273254,
        -0.00077891349792480469
      ],
      [
        0.1146332174539566,
        0.96365410089492798,
        0.24130864441394806,
        0.0060909371823072433
      ],
      [
        -0.50130575895309448,
        -0.15359747409820557,
        0.85152828693389893,
        0.00075908377766609192
      ],
      [
        0,
        0,
        0,
        1
      ]
    ],
    "cameraIntrinsics" : [
      [
        1088.72119140625,
        0,
        639.5
      ],
      [
        0,
        1088.72119140625,
        359.5
      ],
      [
        0,
        0,
        1
      ]
    ],
    "imageName" : "27255.869779.jpg",
    "cameraEulerAngle" : {
      "x" : -0.24371412396430969,
      "y" : 0.50025856494903564,
      "z" : 0.11840041726827621
    }
  },
  "27256.019790958.jpg" : {
    "lightEstimate" : 1254.54541015625,
    "imageResolution" : {
      "width" : 1280,
      "height" : 720
    },
    "timeStamp" : "27256.019790958",
    "cameraPos" : {
      "x" : 0.019394127652049065,
      "y" : 0.012703831307590008,
      "z" : -0.014385366812348366
    },
    "cameraTransform" : [
      [
        0.90143245458602905,
        -0.19660593569278717,
        0.38570147752761841,
        0.019394127652049065
      ],
      [
        0.12340529263019562,
        0.97066134214401245,
        0.20636744797229767,
        0.012703831307590008
      ],
      [
        -0.41495856642723083,
        -0.13842873275279999,
        0.89924788475036621,
        -0.014385366812348366
      ],
      [
        0,
        0,
        0,
        0.99999994039535522
      ]
    ],
    "cameraIntrinsics" : [
      [
        1088.72119140625,
        0,
        639.5
      ],
      [
        0,
        1088.72119140625,
        359.5
      ],
      [
        0,
        0,
        1
      ]
    ],
    "imageName" : "27256.019790958.jpg",
    "cameraEulerAngle" : {
      "x" : -0.2078610360622406,
      "y" : 0.40518254041671753,
      "z" : 0.1264568567276001
    }
  },
  "27256.003123041.jpg" : {
    "lightEstimate" : 1246.9879150390625,
    "imageResolution" : {
      "width" : 1280,
      "height" : 720
    },
    "timeStamp" : "27256.003123041",
    "cameraPos" : {
      "x" : 0.016794487833976746,
      "y" : 0.012022199109196663,
      "z" : -0.012518204748630524
    },
    "cameraTransform" : [
      [
        0.89801830053329468,
        -0.20119848847389221,
        0.39125758409500122,
        0.016794487833976746
      ],
      [
        0.12638889253139496,
        0.96979683637619019,
        0.2086147665977478,
        0.012022199109196663
      ],
      [
        -0.42141324281692505,
        -0.13788926601409912,
        0.89632445573806763,
        -0.012518204748630524
      ],
      [
        0,
        0,
        0,
        1
      ]
    ],
    "cameraIntrinsics" : [
      [
        1088.72119140625,
        0,
        639.5
      ],
      [
        0,
        1088.72119140625,
        359.5
      ],
      [
        0,
        0,
        1
      ]
    ],
    "imageName" : "27256.003123041.jpg",
    "cameraEulerAngle" : {
      "x" : -0.21015834808349609,
      "y" : 0.41158199310302734,
      "z" : 0.12959471344947815
    }
  },
  "27256.053127125.jpg" : {
    "lightEstimate" : 1335.4429931640625,
    "imageResolution" : {
      "width" : 1280,
      "height" : 720
    },
    "timeStamp" : "27256.053127125",
    "cameraPos" : {
      "x" : 0.019394127652049065,
      "y" : 0.012703831307590008,
      "z" : -0.014385366812348366
    },
    "cameraTransform" : [
      [
        0.90143245458602905,
        -0.19660593569278717,
        0.38570147752761841,
        0.019394127652049065
      ],
      [
        0.12340529263019562,
        0.97066134214401245,
        0.20636744797229767,
        0.012703831307590008
      ],
      [
        -0.41495856642723083,
        -0.13842873275279999,
        0.89924788475036621,
        -0.014385366812348366
      ],
      [
        0,
        0,
        0,
        0.99999994039535522
      ]
    ],
    "cameraIntrinsics" : [
      [
        1088.72119140625,
        0,
        639.5
      ],
      [
        0,
        1088.72119140625,
        359.5
      ],
      [
        0,
        0,
        1
      ]
    ],
    "imageName" : "27256.053127125.jpg",
    "cameraEulerAngle" : {
      "x" : -0.2078610360622406,
      "y" : 0.40518254041671753,
      "z" : 0.1264568567276001
    }
  },
  "27256.536409791.jpg" : {
    "lightEstimate" : 1000,
    "imageResolution" : {
      "width" : 1280,
      "height" : 720
    },
    "timeStamp" : "27256.536409791",
    "cameraPos" : {
      "x" : 0.14567798376083374,
      "y" : 0.027064802125096321,
      "z" : -0.093666613101959229
    },
    "cameraTransform" : [
      [
        0.99650317430496216,
        -0.056251171976327896,
        0.061785630881786346,
        0.14567798376083374
      ],
      [
        0.044208802282810211,
        0.98241555690765381,
        0.18139830231666565,
        0.027064802125096321
      ],
      [
        -0.070902891457080841,
        -0.17803250253200531,
        0.98146682977676392,
        -0.093666613101959229
      ],
      [
        0,
        0,
        0,
        1
      ]
    ],
    "cameraIntrinsics" : [
      [
        1088.409912109375,
        0,
        639.5
      ],
      [
        0,
        1088.409912109375,
        359.5
      ],
      [
        0,
        0,
        1
      ]
    ],
    "imageName" : "27256.536409791.jpg",
    "cameraEulerAngle" : {
      "x" : -0.18240815401077271,
      "y" : 0.062869377434253693,
      "z" : 0.044969767332077026
    }
  },
  "27255.853111.jpg" : {
    "lightEstimate" : 1098.9012451171875,
    "imageResolution" : {
      "width" : 1280,
      "height" : 720
    },
    "timeStamp" : "27255.853111",
    "cameraPos" : {
      "x" : -0.00077891349792480469,
      "y" : 0.0060909371823072433,
      "z" : 0.00075908377766609192
    },
    "cameraTransform" : [
      [
        0.85764318704605103,
        -0.21858282387256622,
        0.46547797322273254,
        -0.00077891349792480469
      ],
      [
        0.1146332174539566,
        0.96365410089492798,
        0.24130864441394806,
        0.0060909371823072433
      ],
      [
        -0.50130575895309448,
        -0.15359747409820557,
        0.85152828693389893,
        0.00075908377766609192
      ],
      [
        0,
        0,
        0,
        1
      ]
    ],
    "cameraIntrinsics" : [
      [
        1088.72119140625,
        0,
        639.5
      ],
      [
        0,
        1088.72119140625,
        359.5
      ],
      [
        0,
        0,
        1
      ]
    ],
    "imageName" : "27255.853111.jpg",
    "cameraEulerAngle" : {
      "x" : -0.24371412396430969,
      "y" : 0.50025856494903564,
      "z" : 0.11840041726827621
    }
  },
  "27256.969521708.jpg" : {
    "lightEstimate" : 729.55975341796875,
    "imageResolution" : {
      "width" : 1280,
      "height" : 720
    },
    "timeStamp" : "27256.969521708",
    "cameraPos" : {
      "x" : 0.23476344347000122,
      "y" : 0.023487316444516182,
      "z" : -0.11380407214164734
    },
    "cameraTransform" : [
      [
        0.99680227041244507,
        -0.017474105581641197,
        -0.077974423766136169,
        0.23476344347000122
      ],
      [
        0.03372635692358017,
        0.97662544250488281,
        0.21228568255901337,
        0.023487316444516182
      ],
      [
        0.07244236022233963,
        -0.21423661708831787,
        0.97409170866012573,
        -0.11380407214164734
      ],
      [
        0,
        0,
        0,
        1
      ]
    ],
    "cameraIntrinsics" : [
      [
        1088.0987548828125,
        0,
        639.5
      ],
      [
        0,
        1088.0987548828125,
        359.5
      ],
      [
        0,
        0,
        1
      ]
    ],
    "imageName" : "27256.969521708.jpg",
    "cameraEulerAngle" : {
      "x" : -0.21391336619853973,
      "y" : -0.07987801730632782,
      "z" : 0.034519847482442856
    }
  },
  "27257.086197875.jpg" : {
    "lightEstimate" : 569.50665283203125,
    "imageResolution" : {
      "width" : 1280,
      "height" : 720
    },
    "timeStamp" : "27257.086197875",
    "cameraPos" : {
      "x" : 0.26846668124198914,
      "y" : 0.021066488698124886,
      "z" : -0.11975311487913132
    },
    "cameraTransform" : [
      [
        0.98762434720993042,
        0.026841122657060623,
        -0.15452465415000916,
        0.26846668124198914
      ],
      [
        0.005976162850856781,
        0.97809100151062012,
        0.2080916166305542,
        0.021066488698124886
      ],
      [
        0.15672464668750763,
        -0.20643980801105499,
        0.96582603454589844,
        -0.11975311487913132
      ],
      [
        0,
        0,
        0,
        0.99999994039535522
      ]
    ],
    "cameraIntrinsics" : [
      [
        1088.0987548828125,
        0,
        639.5
      ],
      [
        0,
        1088.0987548828125,
        359.5
      ],
      [
        0,
        0,
        1
      ]
    ],
    "imageName" : "27257.086197875.jpg",
    "cameraEulerAngle" : {
      "x" : -0.20962345600128174,
      "y" : -0.15864768624305725,
      "z" : 0.0061099515296518803
    }
  },
  "27256.719616791.jpg" : {
    "lightEstimate" : 815.28662109375,
    "imageResolution" : {
      "width" : 1280,
      "height" : 720
    },
    "timeStamp" : "27256.719616791",
    "cameraPos" : {
      "x" : 0.21036200225353241,
      "y" : 0.02369312010705471,
      "z" : -0.11164127290248871
    },
    "cameraTransform" : [
      [
        0.99852615594863892,
        -0.03064868226647377,
        -0.044792104512453079,
        0.21036200225353241
      ],
      [
        0.039215520024299622,
        0.9779670238494873,
        0.20504301786422729,
        0.02369312010705471
      ],
      [
        0.037520959973335266,
        -0.20649734139442444,
        0.97772747278213501,
        -0.11164127290248871
      ],
      [
        0,
        0,
        0,
        1
      ]
    ],
    "cameraIntrinsics" : [
      [
        1088.0987548828125,
        0,
        639.5
      ],
      [
        0,
        1088.0987548828125,
        359.5
      ],
      [
        0,
        0,
        1
      ]
    ],
    "imageName" : "27256.719616791.jpg",
    "cameraEulerAngle" : {
      "x" : -0.20650765299797058,
      "y" : -0.045780453830957413,
      "z" : 0.04007754847407341
    }
  },
  "27255.569754625.jpg" : {
    "lightEstimate" : 930,
    "imageResolution" : {
      "width" : 1280,
      "height" : 720
    },
    "timeStamp" : "27255.569754625",
    "cameraPos" : {
      "x" : -0.0040764752775430679,
      "y" : 0.0036803167313337326,
      "z" : 0.0044159665703773499
    },
    "cameraTransform" : [
      [
        0.83934825658798218,
        -0.21179585158824921,
        0.5006365180015564,
        -0.0040764752775430679
      ],
      [
        0.083339408040046692,
        0.96022450923919678,
        0.2665022611618042,
        0.0036803167313337326
      ],
      [
        -0.53716754913330078,
        -0.18196545541286469,
        0.82361370325088501,
        0.0044159665703773499
      ],
      [
        0,
        0,
        0,
        1
      ]
    ],
    "cameraIntrinsics" : [
      [
        1088.72119140625,
        0,
        639.5
      ],
      [
        0,
        1088.72119140625,
        359.5
      ],
      [
        0,
        0,
        1
      ]
    ],
    "imageName" : "27255.569754625.jpg",
    "cameraEulerAngle" : {
      "x" : -0.26976221799850464,
      "y" : 0.54617416858673096,
      "z" : 0.086574636399745941
    }
  },
  "27255.936450958.jpg" : {
    "lightEstimate" : 1216.3743896484375,
    "imageResolution" : {
      "width" : 1280,
      "height" : 720
    },
    "timeStamp" : "27255.936450958",
    "cameraPos" : {
      "x" : 0.00090642296709120274,
      "y" : 0.0069548576138913631,
      "z" : -0.0009497104911133647
    },
    "cameraTransform" : [
      [
        0.86295908689498901,
        -0.22361986339092255,
        0.45309573411941528,
        0.00090642296709120274
      ],
      [
        0.12493402510881424,
        0.96332269906997681,
        0.23748871684074402,
        0.0069548576138913631
      ],
      [
        -0.48958456516265869,
        -0.14833597838878632,
        0.85924577713012695,
        -0.0009497104911133647
      ],
      [
        0,
        0,
        0,
        0.99999988079071045
      ]
    ],
    "cameraIntrinsics" : [
      [
        1088.72119140625,
        0,
        639.5
      ],
      [
        0,
        1088.72119140625,
        359.5
      ],
      [
        0,
        0,
        1
      ]
    ],
    "imageName" : "27255.936450958.jpg",
    "cameraEulerAngle" : {
      "x" : -0.23977978527545929,
      "y" : 0.48526239395141602,
      "z" : 0.12897086143493652
    }
  },
  "27256.936185583.jpg" : {
    "lightEstimate" : 729.55975341796875,
    "imageResolution" : {
      "width" : 1280,
      "height" : 720
    },
    "timeStamp" : "27256.936185583",
    "cameraPos" : {
      "x" : 0.23476344347000122,
      "y" : 0.023487316444516182,
      "z" : -0.11380407214164734
    },
    "cameraTransform" : [
      [
        0.99680227041244507,
        -0.017474105581641197,
        -0.077974423766136169,
        0.23476344347000122
      ],
      [
        0.03372635692358017,
        0.97662544250488281,
        0.21228568255901337,
        0.023487316444516182
      ],
      [
        0.07244236022233963,
        -0.21423661708831787,
        0.97409170866012573,
        -0.11380407214164734
      ],
      [
        0,
        0,
        0,
        1
      ]
    ],
    "cameraIntrinsics" : [
      [
        1088.0987548828125,
        0,
        639.5
      ],
      [
        0,
        1088.0987548828125,
        359.5
      ],
      [
        0,
        0,
        1
      ]
    ],
    "imageName" : "27256.936185583.jpg",
    "cameraEulerAngle" : {
      "x" : -0.21391336619853973,
      "y" : -0.07987801730632782,
      "z" : 0.034519847482442856
    }
  },
  "27257.136201833.jpg" : {
    "lightEstimate" : 622.8070068359375,
    "imageResolution" : {
      "width" : 1280,
      "height" : 720
    },
    "timeStamp" : "27257.136201833",
    "cameraPos" : {
      "x" : 0.27062699198722839,
      "y" : 0.020311148837208748,
      "z" : -0.12016858160495758
    },
    "cameraTransform" : [
      [
        0.98654592037200928,
        0.031083077192306519,
        -0.16050255298614502,
        0.27062699198722839
      ],
      [
        0.0032147020101547241,
        0.97788107395172119,
        0.209136962890625,
        0.020311148837208748
      ],
      [
        0.1634531170129776,
        -0.20683915913105011,
        0.96462458372116089,
        -0.12016858160495758
      ],
      [
        0,
        0,
        0,
        1
      ]
    ],
    "cameraIntrinsics" : [
      [
        1088.0987548828125,
        0,
        639.5
      ],
      [
        0,
        1088.0987548828125,
        359.5
      ],
      [
        0,
        0,
        1
      ]
    ],
    "imageName" : "27257.136201833.jpg",
    "cameraEulerAngle" : {
      "x" : -0.21069231629371643,
      "y" : -0.16487812995910645,
      "z" : 0.0032874043099582195
    }
  },
  "27256.7695825.jpg" : {
    "lightEstimate" : 765.82281494140625,
    "imageResolution" : {
      "width" : 1280,
      "height" : 720
    },
    "timeStamp" : "27256.7695825",
    "cameraPos" : {
      "x" : 0.22238627076148987,
      "y" : 0.024374345317482948,
      "z" : -0.11167465895414352
    },
    "cameraTransform" : [
      [
        0.99815475940704346,
        -0.026491135358810425,
        -0.05463806539773941,
        0.22238627076148987
      ],
      [
        0.037292614579200745,
        0.97756421566009521,
        0.20730981230735779,
        0.024374345317482948
      ],
      [
        0.047920405864715576,
        -0.20896486937999725,
        0.97674834728240967,
        -0.11167465895414352
      ],
      [
        0,
        0,
        0,
        0.99999994039535522
      ]
    ],
    "cameraIntrinsics" : [
      [
        1088.409912109375,
        0,
        639.5
      ],
      [
        0,
        1088.409912109375,
        359.5
      ],
      [
        0,
        0,
        1
      ]
    ],
    "imageName" : "27256.7695825.jpg",
    "cameraEulerAngle" : {
      "x" : -0.20882423222064972,
      "y" : -0.05588049441576004,
      "z" : 0.038130015134811401
    }
  },
  "27255.736434833.jpg" : {
    "lightEstimate" : 1005.2632446289062,
    "imageResolution" : {
      "width" : 1280,
      "height" : 720
    },
    "timeStamp" : "27255.736434833",
    "cameraPos" : {
      "x" : -0.0039707189425826073,
      "y" : 0.0041924919933080673,
      "z" : 0.0039716549217700958
    },
    "cameraTransform" : [
      [
        0.84631967544555664,
        -0.22463375329971313,
        0.48299345374107361,
        -0.0039707189425826073
      ],
      [
        0.10623116046190262,
        0.9596935510635376,
        0.26019826531410217,
        0.0041924919933080673
      ],
      [
        -0.52197504043579102,
        -0.1689019501209259,
        0.83607065677642822,
        0.0039716549217700958
      ],
      [
        0,
        0,
        0,
        1
      ]
    ],
    "cameraIntrinsics" : [
      [
        1088.72119140625,
        0,
        639.5
      ],
      [
        0,
        1088.72119140625,
        359.5
      ],
      [
        0,
        0,
        1
      ]
    ],
    "imageName" : "27255.736434833.jpg",
    "cameraEulerAngle" : {
      "x" : -0.26322752237319946,
      "y" : 0.52385693788528442,
      "z" : 0.11024399101734161
    }
  },
  "27256.203139125.jpg" : {
    "lightEstimate" : 1439.1893310546875,
    "imageResolution" : {
      "width" : 1280,
      "height" : 720
    },
    "timeStamp" : "27256.203139125",
    "cameraPos" : {
      "x" : 0.055554788559675217,
      "y" : 0.022689016535878181,
      "z" : -0.040355943143367767
    },
    "cameraTransform" : [
      [
        0.94262921810150146,
        -0.14009135961532593,
        0.30302590131759644,
        0.055554788559675217
      ],
      [
        0.083485841751098633,
        0.97777241468429565,
        0.19233101606369019,
        0.022689016535878181
      ],
      [
        -0.32323423027992249,
        -0.15599845349788666,
        0.93337243795394897,
        -0.040355943143367767
      ],
      [
        0,
        0,
        0,
        0.99999994039535522
      ]
    ],
    "cameraIntrinsics" : [
      [
        1088.409912109375,
        0,
        639.5
      ],
      [
        0,
        1088.409912109375,
        359.5
      ],
      [
        0,
        0,
        1
      ]
    ],
    "imageName" : "27256.203139125.jpg",
    "cameraEulerAngle" : {
      "x" : -0.19353696703910828,
      "y" : 0.31392163038253784,
      "z" : 0.085177123546600342
    }
  },
  "27257.00285775.jpg" : {
    "lightEstimate" : 729.55975341796875,
    "imageResolution" : {
      "width" : 1280,
      "height" : 720
    },
    "timeStamp" : "27257.00285775",
    "cameraPos" : {
      "x" : 0.23476344347000122,
      "y" : 0.023487316444516182,
      "z" : -0.11380407214164734
    },
    "cameraTransform" : [
      [
        0.99680227041244507,
        -0.017474105581641197,
        -0.077974423766136169,
        0.23476344347000122
      ],
      [
        0.03372635692358017,
        0.97662544250488281,
        0.21228568255901337,
        0.023487316444516182
      ],
      [
        0.07244236022233963,
        -0.21423661708831787,
        0.97409170866012573,
        -0.11380407214164734
      ],
      [
        0,
        0,
        0,
        1
      ]
    ],
    "cameraIntrinsics" : [
      [
        1088.0987548828125,
        0,
        639.5
      ],
      [
        0,
        1088.0987548828125,
        359.5
      ],
      [
        0,
        0,
        1
      ]
    ],
    "imageName" : "27257.00285775.jpg",
    "cameraEulerAngle" : {
      "x" : -0.21391336619853973,
      "y" : -0.07987801730632782,
      "z" : 0.034519847482442856
    }
  },
  "27255.803106875.jpg" : {
    "lightEstimate" : 1054.0540771484375,
    "imageResolution" : {
      "width" : 1280,
      "height" : 720
    },
    "timeStamp" : "27255.803106875",
    "cameraPos" : {
      "x" : -0.0023721605539321899,
      "y" : 0.0050947517156600952,
      "z" : 0.0019243210554122925
    },
    "cameraTransform" : [
      [
        0.85548937320709229,
        -0.21936564147472382,
        0.46905910968780518,
        -0.0023721605539321899
      ],
      [
        0.11140556633472443,
        0.96259236335754395,
        0.24699100852012634,
        0.0050947517156600952
      ],
      [
        -0.50569409132003784,
        -0.15904243290424347,
        0.84792613983154297,
        0.0019243210554122925
      ],
      [
        0,
        0,
        0,
        1
      ]
    ],
    "cameraIntrinsics" : [
      [
        1088.72119140625,
        0,
        639.5
      ],
      [
        0,
        1088.72119140625,
        359.5
      ],
      [
        0,
        0,
        1
      ]
    ],
    "imageName" : "27255.803106875.jpg",
    "cameraEulerAngle" : {
      "x" : -0.24957382678985596,
      "y" : 0.50528436899185181,
      "z" : 0.11522231251001358
    }
  },
  "27255.71976675.jpg" : {
    "lightEstimate" : 989.58331298828125,
    "imageResolution" : {
      "width" : 1280,
      "height" : 720
    },
    "timeStamp" : "27255.71976675",
    "cameraPos" : {
      "x" : -0.0042487019672989845,
      "y" : 0.0041287029162049294,
      "z" : 0.0042378399521112442
    },
    "cameraTransform" : [
      [
        0.84447479248046875,
        -0.22354824841022491,
        0.48671194911003113,
        -0.0042487019672989845
      ],
      [
        0.10411366820335388,
        0.95991230010986328,
        0.26024708151817322,
        0.0041287029162049294
      ],
      [
        -0.52537858486175537,
        -0.16909871995449066,
        0.8338962197303772,
        0.0042378399521112442
      ],
      [
        0,
        0,
        0,
        0.99999994039535522
      ]
    ],
    "cameraIntrinsics" : [
      [
        1088.72119140625,
        0,
        639.5
      ],
      [
        0,
        1088.72119140625,
        359.5
      ],
      [
        0,
        0,
        1
      ]
    ],
    "imageName" : "27255.71976675.jpg",
    "cameraEulerAngle" : {
      "x" : -0.26327809691429138,
      "y" : 0.52831822633743286,
      "z" : 0.10803931206464767
    }
  },
  "27256.369819375.jpg" : {
    "lightEstimate" : 1319.0184326171875,
    "imageResolution" : {
      "width" : 1280,
      "height" : 720
    },
    "timeStamp" : "27256.369819375",
    "cameraPos" : {
      "x" : 0.092056304216384888,
      "y" : 0.02817222848534584,
      "z" : -0.065388627350330353
    },
    "cameraTransform" : [
      [
        0.97517180442810059,
        -0.10792548954486847,
        0.19337077438831329,
        0.092056304216384888
      ],
      [
        0.071198351681232452,
        0.97964060306549072,
        0.18770973384380341,
        0.02817222848534584
      ],
      [
        -0.20969247817993164,
        -0.16928154230117798,
        0.96300196647644043,
        -0.065388627350330353
      ],
      [
        0,
        0,
        0,
        1.0000001192092896
      ]
    ],
    "cameraIntrinsics" : [
      [
        1088.409912109375,
        0,
        639.5
      ],
      [
        0,
        1088.409912109375,
        359.5
      ],
      [
        0,
        0,
        1
      ]
    ],
    "imageName" : "27256.369819375.jpg",
    "cameraEulerAngle" : {
      "x" : -0.18882991373538971,
      "y" : 0.19816465675830841,
      "z" : 0.072550475597381592
    }
  },
  "27256.219807208.jpg" : {
    "lightEstimate" : 1426.66650390625,
    "imageResolution" : {
      "width" : 1280,
      "height" : 720
    },
    "timeStamp" : "27256.219807208",
    "cameraPos" : {
      "x" : 0.055554788559675217,
      "y" : 0.022689016535878181,
      "z" : -0.040355943143367767
    },
    "cameraTransform" : [
      [
        0.94262921810150146,
        -0.14009135961532593,
        0.30302590131759644,
        0.055554788559675217
      ],
      [
        0.083485841751098633,
        0.97777241468429565,
        0.19233101606369019,
        0.022689016535878181
      ],
      [
        -0.32323423027992249,
        -0.15599845349788666,
        0.93337243795394897,
        -0.040355943143367767
      ],
      [
        0,
        0,
        0,
        0.99999994039535522
      ]
    ],
    "cameraIntrinsics" : [
      [
        1088.409912109375,
        0,
        639.5
      ],
      [
        0,
        1088.409912109375,
        359.5
      ],
      [
        0,
        0,
        1
      ]
    ],
    "imageName" : "27256.219807208.jpg",
    "cameraEulerAngle" : {
      "x" : -0.19353696703910828,
      "y" : 0.31392163038253784,
      "z" : 0.085177123546600342
    }
  },
  "27256.686306583.jpg" : {
    "lightEstimate" : 845.161376953125,
    "imageResolution" : {
      "width" : 1280,
      "height" : 720
    },
    "timeStamp" : "27256.686306583",
    "cameraPos" : {
      "x" : 0.20207865536212921,
      "y" : 0.023975277319550514,
      "z" : -0.10962266474962234
    },
    "cameraTransform" : [
      [
        0.99890631437301636,
        -0.02812550775706768,
        -0.037352625280618668,
        0.20207865536212921
      ],
      [
        0.035164892673492432,
        0.97840380668640137,
        0.20368969440460205,
        0.023975277319550514
      ],
      [
        0.030817124992609024,
        -0.20478042960166931,
        0.97832262516021729,
        -0.10962266474962234
      ],
      [
        0,
        0,
        0,
        0.99999994039535522
      ]
    ],
    "cameraIntrinsics" : [
      [
        1088.409912109375,
        0,
        639.5
      ],
      [
        0,
        1088.409912109375,
        359.5
      ],
      [
        0,
        0,
        1
      ]
    ],
    "imageName" : "27256.686306583.jpg",
    "cameraEulerAngle" : {
      "x" : -0.20512515306472778,
      "y" : -0.038161735981702805,
      "z" : 0.035925619304180145
    }
  },
  "27256.236475083.jpg" : {
    "lightEstimate" : 1426.66650390625,
    "imageResolution" : {
      "width" : 1280,
      "height" : 720
    },
    "timeStamp" : "27256.236475083",
    "cameraPos" : {
      "x" : 0.055554788559675217,
      "y" : 0.022689016535878181,
      "z" : -0.040355943143367767
    },
    "cameraTransform" : [
      [
        0.94262921810150146,
        -0.14009135961532593,
        0.30302590131759644,
        0.055554788559675217
      ],
      [
        0.083485841751098633,
        0.97777241468429565,
        0.19233101606369019,
        0.022689016535878181
      ],
      [
        -0.32323423027992249,
        -0.15599845349788666,
        0.93337243795394897,
        -0.040355943143367767
      ],
      [
        0,
        0,
        0,
        0.99999994039535522
      ]
    ],
    "cameraIntrinsics" : [
      [
        1088.409912109375,
        0,
        639.5
      ],
      [
        0,
        1088.409912109375,
        359.5
      ],
      [
        0,
        0,
        1
      ]
    ],
    "imageName" : "27256.236475083.jpg",
    "cameraEulerAngle" : {
      "x" : -0.19353696703910828,
      "y" : 0.31392163038253784,
      "z" : 0.085177123546600342
    }
  },
